%球体磁异常计算
R=15;
r=10;
k=0.015;
B=50000;
Mu0=4*pi*10^-7;
M=k*B/Mu0;
X=-40:1:40;
Y=-40:1:40;
